[img-01.jpg]
filters=radblur=1,0.500000,0.500000,-0.602339,-0.836257;dir_tint=1,0.500000,0.500000,1.000000,0.187135,ffffffff,0;
moddate=4896b68bdca6d901
width=1280
height=939
textactive=0
